1.000000000000000056e-01 7.222222222222222932e-02 4.444444444444444614e-02 3.888888888888888951e-02 1.944444444444444475e-01 1.444444444444444586e-01 7.777777777777777901e-02 2.444444444444444642e-01 1.166666666666666685e-01 2.333333333333333370e-01
5.555555555555555941e-02 4.444444444444444614e-02 1.444444444444444586e-01 1.444444444444444586e-01 1.444444444444444586e-01 2.000000000000000111e-01 2.277777777777777735e-01 1.277777777777777957e-01 1.055555555555555552e-01 1.111111111111111188e-01
3.333333333333333703e-01 3.166666666666666519e-01 2.611111111111111271e-01 2.833333333333333259e-01 3.500000000000000333e-01 5.333333333333333259e-01 2.277777777777777735e-01 4.444444444444444753e-01 5.388888888888888618e-01 5.388888888888888618e-01
1.055555555555555552e-01 7.777777777777777901e-02 1.055555555555555552e-01 1.222222222222222321e-01 1.444444444444444586e-01 2.333333333333333370e-01 2.500000000000000000e-01 2.500000000000000000e-01 2.111111111111111105e-01 2.388888888888889006e-01
3.611111111111111049e-01 2.444444444444444642e-01 3.611111111111111049e-01 3.055555555555555802e-01 2.388888888888889006e-01 3.222222222222222432e-01 1.555555555555555580e-01 2.833333333333333259e-01 3.166666666666666519e-01 3.111111111111111160e-01
3.222222222222222432e-01 2.444444444444444642e-01 3.222222222222222432e-01 1.611111111111111216e-01 1.777777777777777846e-01 1.499999999999999944e-01 2.277777777777777735e-01 1.499999999999999944e-01 2.388888888888889006e-01 2.500000000000000000e-01
1.000000000000000056e-01 1.055555555555555552e-01 1.055555555555555552e-01 6.333333333333333037e-01 5.666666666666666519e-01 5.500000000000000444e-01 5.611111111111111160e-01 6.333333333333333037e-01 3.666666666666666963e-01 6.333333333333333037e-01
4.166666666666666852e-01 5.388888888888888618e-01 6.611111111111110938e-01 6.611111111111110938e-01 5.166666666666667185e-01 6.611111111111110938e-01 3.444444444444444420e-01 7.055555555555556024e-01 5.944444444444444420e-01 6.222222222222222321e-01
5.000000000000000278e-02 7.777777777777777901e-02 1.388888888888888951e-01 1.277777777777777957e-01 7.222222222222222932e-02 1.555555555555555580e-01 1.222222222222222321e-01 1.611111111111111216e-01 1.333333333333333315e-01 1.611111111111111216e-01
1.166666666666666685e-01 2.722222222222222543e-01 2.722222222222222543e-01 1.388888888888888951e-01 2.166666666666666741e-01 1.333333333333333315e-01 2.555555555555555913e-01 4.555555555555555469e-01 3.944444444444444864e-01 4.000000000000000222e-01
